/home/user/proj/system-solver/cmake-build-debug/system-solver
Solving task 2
Ax=b:
1 2 3 4 5 6 7 8
A2 x = b2:
1 1 1 1 1 1 1 1 1
b2:
9 511 9841 87381 488281 2.01554e+06 6.7256e+06 1.9174e+07 4.79433e+07
test24:
-484275 1.31619e+06 -1.41876e+06 808136 -269630 54482 -6556.9 433.389 -11.0108
b2:
9 511 9841 87381 488281 2.01554e+06 6.7256e+06 1.9174e+07 4.74639e+07
test23:
-963707 2.61922e+06 -2.82334e+06 1.60819e+06 -536564 108418 -13049.2 861.454 -22.9015
b2:
9 511 9841 88254.8 488281 2.01554e+06 6.7256e+06 1.9174e+07 4.74639e+07
test22:
-1.07381e+06 2.90317e+06 -3.10816e+06 1.75655e+06 -581188 116460 -13906 911.213 -24.1151
b2:
9 511 9841 89137.4 488281 2.01554e+06 6.7256e+06 1.9174e+07 4.74639e+07
test21:
-1.18501e+06 3.18995e+06 -3.39582e+06 1.9064e+06 -626258 124582 -14771.4 961.469 -25.3409
b2:
9 511 9841 89137.4 488281 2.03569e+06 6.7256e+06 1.9174e+07 4.74639e+07
test20:
-2.87806e+06 7.69737e+06 -8.11594e+06 4.49612e+06 -1.4512e+06 282298 -32575.4 2053.22 -53.3345
b2:
9 511 9841 89137.4 488281 2.03569e+06 6.7256e+06 1.9174e+07 4.69892e+07
test19:
-3.3527e+06 8.98737e+06 -9.50647e+06 5.28817e+06 -1.71547e+06 335694 -39002.8 2477 -65.1063
b2:
9 511 9841 89137.4 488281 2.03569e+06 6.65834e+06 1.9174e+07 4.69892e+07
test18:
-5.77392e+06 1.5491e+07 -1.64019e+07 9.13166e+06 -2.96339e+06 579591 -67212.9 4251.81 -111.812
b2:
9 511 9841 89137.4 488281 2.03569e+06 6.65834e+06 1.9174e+07 4.65193e+07
test17:
-6.24381e+06 1.67681e+07 -1.77785e+07 9.9158e+06 -3.22501e+06 632454 -73576 4671.36 -123.466
b2:
9 511 9841 89137.4 488281 2.03569e+06 6.65834e+06 1.93657e+07 4.65193e+07
test16:
-7.96946e+06 2.14342e+07 -2.2772e+07 1.2733e+07 -4.15362e+06 817269 -95413 6078.97 -161.509
b2:
9 511 9742.59 89137.4 488281 2.03569e+06 6.65834e+06 1.93657e+07 4.65193e+07
test15:
-7.97773e+06 2.14549e+07 -2.27918e+07 1.27429e+07 -4.15646e+06 817763 -95463.9 6081.84 -161.578
b2:
9 516.11 9742.59 89137.4 488281 2.03569e+06 6.65834e+06 1.93657e+07 4.65193e+07
test14:
-7.97792e+06 2.14553e+07 -2.27922e+07 1.27431e+07 -4.15651e+06 817771 -95464.7 6081.89 -161.579
b2:
9 516.11 9742.59 89137.4 488281 2.03569e+06 6.59176e+06 1.93657e+07 4.65193e+07
test13:
-1.03749e+07 2.78939e+07 -2.96186e+07 1.65481e+07 -5.39196e+06 1.05923e+06 -123393 7838.95 -207.817
b2:
9 521.271 9742.59 89137.4 488281 2.03569e+06 6.59176e+06 1.93657e+07 4.65193e+07
test12:
-1.03751e+07 2.78944e+07 -2.9619e+07 1.65483e+07 -5.39201e+06 1.05924e+06 -123394 7838.99 -207.818
b2:
9 521.271 9742.59 89137.4 488281 2.05605e+06 6.59176e+06 1.93657e+07 4.65193e+07
test11:
-1.20851e+07 3.24468e+07 -3.43863e+07 1.91639e+07 -6.2252e+06 1.21853e+06 -141376 8941.66 -236.092
b2:
9 521.271 9742.59 89137.4 488281 2.07661e+06 6.59176e+06 1.93657e+07 4.65193e+07
test10:
-1.38122e+07 3.70449e+07 -3.92013e+07 2.18057e+07 -7.06672e+06 1.37942e+06 -159537 10055.4 -264.648
b2:
9 521.271 9742.59 89137.4 488281 2.07661e+06 6.59176e+06 1.95594e+07 4.65193e+07
test9:
-1.55551e+07 4.17576e+07 -4.42447e+07 2.46511e+07 -8.00462e+06 1.56608e+06 -181593 11477 -303.072
b2:
8.91 521.271 9742.59 89137.4 488281 2.07661e+06 6.59176e+06 1.95594e+07 4.65193e+07
test8:
-1.55551e+07 4.17576e+07 -4.42447e+07 2.46511e+07 -8.00462e+06 1.56608e+06 -181593 11477 -303.072
b2:
8.91 521.271 9742.59 89137.4 483398 2.07661e+06 6.59176e+06 1.95594e+07 4.65193e+07
test7:
-1.61703e+07 4.33751e+07 -4.59094e+07 2.55451e+07 -8.28244e+06 1.61779e+06 -187272 11816.1 -311.549
b2:
8.91 521.271 9742.59 89137.4 483398 2.09738e+06 6.59176e+06 1.95594e+07 4.65193e+07
test6:
-1.79147e+07 4.80191e+07 -5.07726e+07 2.82133e+07 -9.13238e+06 1.78028e+06 -205616 12941 -340.391
b2:
8.91 526.484 9742.59 89137.4 483398 2.09738e+06 6.59176e+06 1.95594e+07 4.65193e+07
test5:
-1.79149e+07 4.80195e+07 -5.0773e+07 2.82135e+07 -9.13243e+06 1.78029e+06 -205617 12941 -340.392
b2:
8.8209 526.484 9742.59 89137.4 483398 2.09738e+06 6.59176e+06 1.95594e+07 4.65193e+07
test4:
-1.79149e+07 4.80195e+07 -5.0773e+07 2.82135e+07 -9.13243e+06 1.78029e+06 -205617 12941 -340.392
b2:
8.8209 526.484 9742.59 89137.4 478564 2.09738e+06 6.59176e+06 1.95594e+07 4.65193e+07
test3:
-1.85239e+07 4.96208e+07 -5.24211e+07 2.90985e+07 -9.40747e+06 1.83149e+06 -211239 13276.7 -348.784
b2:
8.8209 526.484 9742.59 89137.4 478564 2.09738e+06 6.59176e+06 1.9755e+07 4.65193e+07
test2:
-2.02843e+07 5.43807e+07 -5.75149e+07 3.19724e+07 -1.03547e+07 2.02002e+06 -233515 14712.6 -387.593
b2:
8.8209 531.749 9742.59 89137.4 478564 2.09738e+06 6.59176e+06 1.9755e+07 4.65193e+07
test1:
-2.02845e+07 5.43811e+07 -5.75153e+07 3.19726e+07 -1.03548e+07 2.02002e+06 -233516 14712.6 -387.594
b2:
8.8209 531.749 9742.59 89137.4 478564 2.09738e+06 6.59176e+06 1.99525e+07 4.65193e+07
test0:
-2.20624e+07 5.91886e+07 -6.266e+07 3.48752e+07 -1.13115e+07 2.21044e+06 -256015 16162.9 -426.79

Process finished with exit code 0
